4.98081	4.92347	4.59033	4.86224
4.98081	4.92347	4.59033	4.86224
4.98081	4.92347	4.59033	4.86224
4.98081	4.92347	4.59033	4.86224
4.98081	4.92347	4.59033	4.86224
4.98081	4.92347	4.59033	4.86224
4.98081	4.92347	4.59033	4.86224
4.98081	4.92347	4.59033	4.86224
4.98081	4.92347	4.59033	4.86224
4.98081	4.92347	4.59033	4.86224
4.98081	4.92347	4.59033	4.86224
4.98081	4.92347	4.59033	4.86224
4.98081	4.92347	4.59033	4.86224
4.98081	4.92347	4.59033	4.86224
4.50368	4.92347	4.59033	4.64039
3.01191	3.1673	2.93663	3.04894
2.15893	2.47486	2.75072	2.3339
2.10409	2.16387	2.08573	2.12259
1.81617	2.1174	2.45528	1.99056
1.68917	2.59195	2.41842	1.97687
1.598	4.92347	4.59033	1.9623
1.67507	2.33601	2.27843	1.92446
1.47805	2.97362	2.98783	1.82657
1.53553	1.44656	1.96658	1.54763
1.05045	1.26111	1.31123	1.16474
0.69836	0.201533	0.412545	0.429877
0.24245	0.238249	0.265429	0.244903
-0.271028	0.69655	0.274113	0.155673
0.184984	-0.0574966	-0.0432029	0.0501415
-0.222047	0.0564562	0.0420848	-0.0661814
0.179426	-0.704551	-0.280773	-0.197654
-0.24245	-0.238249	-0.265429	-0.244903
-0.70124	-0.202801	-0.415378	-0.431862
