2.49957	2.23996	2.24081	2.311
2.0629	2.17759	2.08144	2.10452
1.96323	2.04565	1.78159	1.91613
1.30679	1.30798	1.26872	1.29415
1.16576	1.14708	1.16745	1.16001
1.07024	1.02224	1.36979	1.13215
0.954527	0.890068	1.22054	1.00336
0.768672	0.605646	0.652408	0.672087
0.517431	0.521356	0.524945	0.521238
0.464037	0.469224	0.484221	0.472452
0.246929	0.263955	0.260788	0.257206
0.252499	0.22775	0.263892	0.247974
0.223829	0.100984	0.231472	0.184624
0.0366847	-0.00249953	-0.00190118	0.0107546
-0.0255334	0.0295328	-0.0328376	-0.00960924
-0.0578252	0.0640903	-0.0751047	-0.0228999
-0.0260936	-0.0414424	-0.0259777	-0.0311689
-0.0316585	-0.0325283	-0.0579028	-0.040688
-0.0759215	0.0459898	-0.0999664	-0.0431385
-0.0255913	-0.0777306	-0.0409588	-0.0480611
-0.0948456	-0.0929904	-0.0721109	-0.0866371
-0.0771275	-0.182559	-0.0531546	-0.103802
-0.123357	-0.109994	-0.0993406	-0.110883
-0.18383	-0.178288	-0.171235	-0.177778
-0.257669	-0.247033	-0.260176	-0.254949
-0.312634	-0.289744	-0.272946	-0.291676
-0.347373	-0.348434	-0.315683	-0.337066
-0.326383	-0.330822	-0.379061	-0.345172
-0.321077	-0.445592	-0.28118	-0.347095
-0.370666	-0.372003	-0.374381	-0.372349
-0.381781	-0.393861	-0.401947	-0.392496
-0.358503	-0.419188	-0.409166	-0.395275
-0.400595	-0.42391	-0.380129	-0.401386
-0.400405	-0.423157	-0.404443	-0.409285
-0.448852	-0.432812	-0.417836	-0.433081
-0.448877	-0.45335	-0.430707	-0.444259
-0.43615	-0.4705	-0.489975	-0.465263
-0.464493	-0.466449	-0.474237	-0.468383
