4.95425	4.95425	4.95425	4.95425
1.82494	1.90993	1.84846	1.85969
1.8029	1.70523	1.72713	1.74318
1.57839	1.59187	1.59967	1.58989
1.33599	1.29889	1.32367	1.31927
1.33782	1.33166	1.16455	1.27114
1.01709	1.00949	1.06784	1.03084
0.772447	0.710838	0.804842	0.761472
0.706044	0.711582	0.781453	0.7321
0.675006	0.677456	0.641161	0.664338
0.573277	0.638934	0.704465	0.636829
0.349744	0.364854	0.244214	0.318469
0.35314	0.305424	0.290584	0.316093
0.31863	0.307844	0.277036	0.301052
0.188436	0.237342	0.0463382	0.156139
0.0948456	0.0313493	0.189285	0.104552
-0.0523797	0.0200287	0.125071	0.0306536
-0.0342293	-0.0661672	-0.0182714	-0.0395339
-0.0311561	-0.0408427	-0.101003	-0.0575861
-0.119677	-0.150922	-0.150644	-0.140375
-0.272329	-0.165045	-0.105564	-0.179818
-0.221151	-0.222366	-0.240483	-0.227977
-0.275735	-0.262117	-0.212427	-0.249858
-0.262244	-0.255523	-0.319159	-0.278679
-0.34512	-0.326449	-0.318762	-0.330059
-0.297192	-0.414344	-0.489975	-0.397431
-0.372649	-0.393461	-0.453	-0.405784
-0.428997	-0.446014	-0.422188	-0.432346
-0.486221	-0.462821	-0.456488	-0.468417
