4.25526	4.95425	4.95425	4.58627
3.30083	3.2058	3.26382	3.25505
2.16312	2.23658	2.2018	2.19947
1.75638	1.71814	1.76676	1.7466
1.44019	1.41409	1.45015	1.43456
0.772916	0.783478	0.774128	0.776822
0.417016	0.398535	0.421679	0.412359
0.304618	0.307364	0.305184	0.305721
0.299316	0.292589	0.312897	0.301573
0.0125178	-0.0372454	-0.00273115	-0.00914595
-0.0968188	-0.090141	-0.126944	-0.104598
-0.170373	-0.184698	-0.143355	-0.166079
-0.272095	-0.281394	-0.27082	-0.274762
-0.348343	-0.359597	-0.371219	-0.35968
-0.471829	-0.450174	-0.477604	-0.466457
