4.95425	4.95425	4.95425	4.95425
4.47712	3.95421	3.91281	4.05113
1.96824	1.89921	1.87256	1.91154
1.64726	1.64905	1.63228	1.6428
1.56082	1.56324	1.57704	1.56698
1.33177	1.45322	1.47532	1.41576
1.22771	1.26446	1.26249	1.25126
0.993333	0.903302	1.04796	0.978193
0.989999	0.945378	0.943797	0.959304
0.638235	0.608226	0.615749	0.620622
0.343387	0.30538	0.31553	0.321327
0.267023	0.258258	0.326782	0.283679
0.19835	0.184617	0.253318	0.211846
0.218006	0.194735	0.19646	0.203037
0.217821	0.199102	0.188456	0.201754
0.140659	0.209398	0.16947	0.172995
0.103019	0.0770108	0.116629	0.0988517
-0.0581742	-0.148954	-0.118143	-0.108229
-0.233959	-0.33673	-0.270502	-0.27974
-0.308368	-0.334765	-0.283514	-0.308711
-0.308565	-0.382712	-0.346697	-0.345592
-0.377043	-0.432297	-0.361902	-0.389967
-0.479537	-0.429241	-0.439032	-0.44901
