3.34128	3.29128	3.27278	3.30083
1.65494	1.86669	1.96007	1.80852
1.66275	1.75695	1.72235	1.71233
1.72713	1.75439	1.61235	1.69367
1.31505	1.3949	1.49401	1.39568
1.11582	1.13586	1.14568	1.1323
0.69753	0.614091	0.683944	0.664195
0.374289	0.234809	0.338139	0.314381
0.204947	0.17861	0.257248	0.213301
0.1827	0.0193914	0.192728	0.130666
0.0992037	0.0937128	0.104272	0.0990603
0.0897508	-0.00471922	0.156737	0.0801503
-0.00628269	-0.0220951	-0.0237562	-0.0173767
-0.0574956	-0.016997	-0.0939472	-0.0560742
-0.117376	-0.144109	-0.0742492	-0.111792
-0.175352	-0.167006	-0.177503	-0.173282
-0.128383	-0.251115	-0.19772	-0.191782
-0.477089	-0.242754	-0.381594	-0.362984
-0.456488	-0.46589	-0.450474	-0.457595
