4.95425	4.95425	4.95425	4.95425
1.51183	1.52569	1.48355	1.50669
1.21205	1.21055	1.18332	1.2018
0.662165	0.671898	0.707802	0.680332
0.671331	0.650467	0.656731	0.659453
0.552649	0.539438	0.528688	0.540197
0.051508	0.0551503	0.0519729	0.0528769
-0.138639	-0.124618	-0.144506	-0.135909
-0.164045	-0.171335	-0.172038	-0.169136
-0.246093	-0.254326	-0.286024	-0.262047
-0.352188	-0.356045	-0.351735	-0.353321
-0.381176	-0.357842	-0.357911	-0.365587
-0.464189	-0.460065	-0.441353	-0.455148
-0.477578	-0.474853	-0.473058	-0.475161
