4.95425	4.95425	4.95425	4.95425
4.65322	4.65322	4.95425	4.7324
2.27896	2.24336	2.17175	2.22907
1.81867	1.76998	1.74429	1.7766
1.27979	1.27472	1.24313	1.26561
0.479641	0.493666	0.495242	0.489487
0.44584	0.469479	0.464874	0.460006
0.429851	0.432052	0.454755	0.438818
0.275373	0.272925	0.269398	0.272563
0.241566	0.261378	0.246281	0.249719
0.0917606	0.130337	0.193904	0.138336
0.0419067	0.0862018	0.152235	0.0931856
-0.00973793	0.0373615	0.116118	0.0477255
-0.0360853	-0.0385991	-0.0433578	-0.0393469
-0.113624	-0.0781003	-0.0128267	-0.0680377
-0.0557511	-0.131877	-0.176839	-0.121106
-0.158252	-0.152792	-0.148636	-0.153224
-0.0950409	-0.156996	-0.248518	-0.165965
-0.218643	-0.221645	-0.216568	-0.218951
-0.24741	-0.234208	-0.245654	-0.242413
-0.274776	-0.271776	-0.287549	-0.278017
-0.377135	-0.371911	-0.368894	-0.372641
-0.331646	-0.384624	-0.465534	-0.392449
-0.449001	-0.448528	-0.392543	-0.429656
-0.456437	-0.466728	-0.477861	-0.466966
