4.65322	4.65322	4.95425	4.7324
3.12142	3.02957	2.97607	3.03828
3.75006	2.20886	4.17608	2.67078
2.72043	2.34484	2.47279	2.48647
2.49803	2.18502	1.93557	2.14933
2.16028	2.0868	2.11974	2.12125
1.79289	2.61675	1.86161	1.96962
1.98505	2.09101	1.68874	1.88772
1.64928	2.39864	1.71293	1.81823
1.81867	1.45351	1.80353	1.6586
1.82196	1.35217	1.80512	1.6042
1.49514	1.62369	1.54035	1.55002
2.8968	0.999247	3.37429	1.49621
1.53209	1.51955	1.42185	1.48849
1.36271	1.35229	1.37151	1.36211
1.3145	1.1938	1.29762	1.26564
1.21793	1.22108	1.23872	1.22583
1.22045	1.18845	1.20197	1.20345
1.28686	1.06871	1.24807	1.19181
2.48746	0.532888	3.238	1.07968
0.994141	1.06711	1.00854	1.02233
1.02954	0.94818	0.971915	0.982131
0.968326	0.955762	0.957539	0.960514
1.01535	0.92366	0.907275	0.946716
0.80041	1.02819	0.753875	0.848788
0.769487	0.763841	0.753951	0.762393
0.715633	0.737464	0.736137	0.729666
1.15664	0.176035	1.30197	0.685837
0.681808	0.673634	0.674437	0.676616
1.23083	0.0282768	1.34163	0.617801
1.20545	0.0208205	1.31571	0.608622
1.15958	0.00354181	1.11517	0.571953
1.00006	0.036704	1.08261	0.56145
0.507902	0.609749	0.538883	0.551004
0.546127	0.546323	0.53559	0.542664
0.519648	0.504333	0.529592	0.517791
0.468918	0.469454	0.459258	0.465864
0.441378	0.472725	0.441526	0.451757
0.808562	-0.0607727	0.83009	0.440628
0.719423	-0.0850129	0.741833	0.394207
0.705342	-0.0906678	0.719638	0.384087
0.260218	0.287141	0.265478	0.270898
0.257585	0.241899	0.281737	0.260316
0.234042	0.103469	0.232218	0.189049
0.165905	0.116846	0.143732	0.142086
0.13575	0.149351	0.134129	0.139735
0.167587	0.0791317	0.107308	0.117789
0.0451382	0.0445189	0.0485257	0.0460607
0.169531	-0.196298	0.145359	0.0394952
-0.114763	-0.104898	-0.0322964	-0.0838504
-0.0738604	-0.133556	-0.14165	-0.116223
-0.149769	-0.164265	-0.152195	-0.155401
-0.192971	-0.200322	-0.185162	-0.192809
-0.073802	-0.49922	-0.101473	-0.212577
-0.232529	-0.243421	-0.240004	-0.238645
-0.24363	-0.232694	-0.247117	-0.241135
-0.288775	-0.259227	-0.240233	-0.26261
-0.263976	-0.293927	-0.283514	-0.280417
-0.275458	-0.34602	-0.289722	-0.30337
-0.210503	-0.577727	-0.168809	-0.304756
-0.264018	-0.59979	-0.294251	-0.374767
-0.415475	-0.375376	-0.35135	-0.3804
-0.42807	-0.334921	-0.384624	-0.38185
-0.409477	-0.383481	-0.353638	-0.381951
-0.392473	-0.44793	-0.398748	-0.412735
-0.419623	-0.416895	-0.427266	-0.421251
-0.428143	-0.41692	-0.44975	-0.431506
-0.445269	-0.428216	-0.427144	-0.433506
-0.428777	-0.46429	-0.455709	-0.449467
-0.354569	-0.71183	-0.351282	-0.456328
-0.444003	-0.500886	-0.444474	-0.462719
-0.504945	-0.43738	-0.455709	-0.465551
-0.420953	-0.477578	-0.509959	-0.468731
-0.514763	-0.470909	-0.43844	-0.474143
