4.95425	4.95425	4.95425	4.95425
4.95425	4.95425	4.95425	4.95425
4.95425	4.95425	4.95425	4.95425
4.95425	4.95425	4.95425	4.95425
4.95425	4.95425	4.95425	4.95425
4.95425	4.95425	4.95425	4.95425
4.95425	4.95425	4.95425	4.95425
4.95425	4.95425	4.95425	4.95425
4.95425	4.95425	4.95425	4.95425
4.95425	4.95425	4.47712	4.7324
4.47712	4.95425	4.65322	4.65322
3.63194	4.95425	4.65322	4.05113
4.25526	2.98068	4.95425	3.43122
3.31059	3.15461	3.46275	3.29128
2.93672	3.22973	2.68855	2.89808
2.72043	2.64151	2.56213	2.63659
1.73604	1.61757	1.57379	1.63744
0.793944	1.06671	0.889734	0.905587
0.796457	0.604434	1.1932	0.816518
0.946592	1.06084	0.480984	0.776573
0.172439	1.13064	0.424833	0.481622
0.16933	1.16254	0.375121	0.465881
0.452349	0.673601	-0.147861	0.288008
-0.459838	-0.698675	0.138778	-0.298745
