4.95425	4.95425	4.95425	4.95425
4.95425	4.95425	4.95425	4.95425
4.95425	4.95425	4.95425	4.95425
4.95425	4.95425	4.95425	4.95425
4.95425	4.95425	4.95425	4.95425
4.95425	4.95425	4.95425	4.95425
4.95425	4.95425	4.95425	4.95425
4.65322	4.95425	4.95425	4.82931
4.17608	4.65322	4.65322	4.43136
3.238	2.93672	3.46275	3.15924
1.5599	1.79912	2.11653	1.77057
1.51433	1.71553	1.54017	1.58167
0.733382	0.633774	1.2618	0.817429
0.58241	0.721938	0.874949	0.715372
0.636523	0.501548	0.975026	0.675442
0.799879	0.375862	0.257269	0.447415
-0.109798	0.0250697	0.624657	0.151943
-0.186738	-0.237571	-1.03707	-0.406746
-0.801966	-0.376371	-0.260113	-0.449143
