4.95425	4.95425	4.95425	4.95425
4.95425	4.95425	4.95425	4.95425
4.65322	4.95425	4.95425	4.82931
1.76998	1.7762	1.74707	1.76424
1.5842	1.58284	1.59466	1.5872
1.20145	1.18819	1.18041	1.18994
0.81043	0.80674	0.79261	0.803211
0.460368	0.453952	0.465636	0.459972
0.454654	0.445865	0.444598	0.448362
0.286604	0.265224	0.256911	0.269525
0.204763	0.205069	0.199407	0.203078
0.120464	0.121251	0.118123	0.119946
0.0808641	0.0836491	0.0948651	0.0864552
0.0150469	0.0201832	0.0163984	0.0172094
0.0118807	0.00811645	-0.00788481	0.00403722
-0.0510044	-0.0428741	-0.0423324	-0.0454027
-0.117868	-0.0965843	-0.101923	-0.105447
-0.129488	-0.120385	-0.122077	-0.123981
-0.167968	-0.150305	-0.153509	-0.157248
-0.214086	-0.22901	-0.222263	-0.221776
-0.21507	-0.224447	-0.231969	-0.223815
-0.324235	-0.304074	-0.297365	-0.308507
-0.420711	-0.430927	-0.419043	-0.423546
