1.1167	1.20624	1.19499	1.17103
0.886689	0.890497	0.877044	0.884715
0.835532	0.931112	0.873001	0.878523
0.727217	0.75104	0.767703	0.748431
0.618983	0.615964	0.59413	0.609607
0.606768	0.599369	0.585883	0.597289
0.449026	0.478403	0.456513	0.461227
0.362725	0.426657	0.393155	0.393845
0.380176	0.329222	0.361126	0.356644
0.277761	0.306361	0.289076	0.291015
0.119775	0.215747	0.150286	0.161586
0.165385	0.144287	0.17503	0.161533
-0.0711393	-0.0616262	-0.0605206	-0.0644267
-0.0874495	-0.0853052	-0.0819351	-0.084896
-0.142007	-0.0566427	-0.105388	-0.101186
-0.187607	-0.148457	-0.143315	-0.159709
-0.23139	-0.170834	-0.115058	-0.171917
-0.194999	-0.20301	-0.222222	-0.206708
-0.250696	-0.247159	-0.196217	-0.231176
-0.246469	-0.29873	-0.269313	-0.271344
-0.308194	-0.280645	-0.265034	-0.284508
-0.295505	-0.291769	-0.286389	-0.291216
-0.293668	-0.298102	-0.307713	-0.299815
-0.348095	-0.330556	-0.463885	-0.379161
-0.424104	-0.378364	-0.356568	-0.385963
-0.422648	-0.395016	-0.420396	-0.412607
-0.408688	-0.377414	-0.521356	-0.433768
-0.452174	-0.461227	-0.458678	-0.457351
