4.95425	4.95425	4.95425	4.95425
4.95425	4.95425	4.95425	4.95425
4.95425	4.95425	4.95425	4.95425
3.6989	3.39778	3.5562	3.53362
3.12786	3.14777	3.21363	3.16157
3.44895	2.59332	3.26382	2.93952
2.67688	2.46422	2.53469	2.54991
1.32726	1.53122	1.45958	1.43161
1.11074	1.00276	1.01193	1.03956
0.958835	1.03738	1.04305	1.01167
0.675107	0.484221	0.476677	0.539966
0.434455	0.321474	0.335279	0.362565
0.17692	0.267701	0.239838	0.227736
0.0612576	0.113251	0.112917	0.0957376
-0.08324	-0.0514693	-0.0284507	-0.0543494
-0.183487	-0.0850714	-0.138085	-0.135263
-0.162645	-0.135691	-0.143633	-0.147298
-0.196928	-0.239983	-0.243609	-0.22671
-0.116531	-0.376765	-0.316211	-0.265859
-0.256259	-0.295245	-0.262307	-0.271167
-0.27048	-0.361149	-0.277804	-0.302478
-0.402232	-0.285917	-0.313204	-0.332729
-0.32428	-0.392778	-0.388506	-0.368074
-0.448602	-0.412639	-0.425221	-0.428704
-0.411296	-0.511915	-0.487809	-0.469301
