4.95425	4.95425	4.95425	4.95425
4.95425	4.95425	4.95425	4.95425
4.95425	4.95425	4.95425	4.95425
3.75006	4.47712	4.65322	4.10913
4.35218	3.95421	4.05113	4.08892
1.65312	1.58518	1.46844	1.56249
1.32356	1.29762	1.29625	1.30565
0.928242	0.980853	1.19014	1.02137
1.00795	0.98074	1.00529	0.997849
1.00205	0.897032	0.840413	0.909181
0.854499	0.793944	0.842517	0.829731
0.722911	0.846263	0.661475	0.738892
0.6136	0.653348	0.545288	0.602702
0.62056	0.46105	0.517999	0.530469
0.468128	0.471165	0.496636	0.478549
0.344062	0.363823	0.323373	0.343635
0.173242	0.168528	0.219588	0.186987
-0.228225	-0.173784	-0.125879	-0.175559
-0.189285	-0.157435	-0.23593	-0.193951
-0.163945	-0.168749	-0.282979	-0.204376
-0.324567	-0.425756	-0.2311	-0.324538
-0.358321	-0.309417	-0.382363	-0.349631
