2.4572	3.05625	3.99997	2.82759
1.94721	1.73767	2.27069	1.93472
1.43465	1.44047	1.41612	1.4303
1.39348	1.07292	1.55713	1.29812
0.676113	0.548173	0.704395	0.639548
0.313445	0.365152	0.343635	0.340551
0.204947	0.27048	0.21423	0.229631
-0.0442866	0.0309435	-0.0378062	-0.0170356
-0.0605012	-0.015491	-0.062635	-0.0461833
-0.168629	-0.171797	-0.181309	-0.173905
-0.20809	-0.166366	-0.199326	-0.191181
-0.226531	-0.216938	-0.219341	-0.220932
-0.298557	-0.300683	-0.297192	-0.29881
-0.351418	-0.43807	-0.343028	-0.376626
-0.464823	-0.484688	-0.459081	-0.469462
