4.95425	4.95425	4.95425	4.95425
4.95425	4.95425	4.95425	4.95425
4.95425	4.95425	4.95425	4.95425
4.95425	4.95425	4.95425	4.95425
4.47712	3.95421	3.49172	3.80806
4.35218	4.10913	3.37429	3.7411
3.44895	3.37429	3.32058	3.37812
2.1732	2.44892	2.51998	2.35391
1.61215	1.59386	1.57341	1.59286
1.20058	1.13586	1.22598	1.18601
0.991778	1.12015	0.878305	0.987674
1.01014	0.952492	0.925183	0.961455
0.843353	0.65176	1.28398	0.869169
0.69053	0.610939	0.715063	0.670698
0.443012	0.410434	0.769021	0.524482
0.55508	0.582264	0.31665	0.476617
0.513714	0.322887	0.439278	0.422115
0.361468	0.444723	0.409596	0.404681
0.379641	0.423085	0.299034	0.366054
0.101727	0.0986562	0.104389	0.10159
0.0286439	-0.342107	0.542079	0.0615551
-0.0520504	-0.0491453	0.0207046	-0.026802
-0.0788203	-0.599279	0.378295	-0.0808706
-0.0511787	0.318674	-0.615073	-0.092151
-0.218149	-0.528715	0.167226	-0.1758
-0.167747	-0.506782	0.0235437	-0.203058
-0.272733	-0.0129811	-0.774794	-0.311298
-0.302964	-0.355591	-0.365519	-0.341037
-0.397187	-0.477063	-0.445492	-0.439336
