4.17608	3.84025	4.25526	4.05113
2.16454	2.31972	1.9263	2.10681
1.916	2.14703	1.83877	1.94911
1.61443	1.62604	1.65471	1.63141
0.739237	0.718635	0.678163	0.711511
0.619539	0.670099	0.519757	0.600441
0.403016	0.340738	0.382596	0.375137
0.259923	0.249921	0.257521	0.255783
0.0379222	0.0765051	0.0382703	0.0508753
-0.0497069	-0.0143132	-0.0763494	-0.0467511
-0.0524378	-0.0252243	-0.0667108	-0.0481062
-0.209848	-0.225025	-0.220596	-0.218478
-0.325342	-0.374705	-0.299251	-0.332685
-0.344287	-0.37415	-0.345457	-0.354546
