3.72373	3.50696	4.47712	3.75006
3.26382	2.9084	3.49172	3.15461
2.70543	2.50575	4.95425	2.76978
2.22907	3.91281	4.95425	2.69812
2.38545	2.54139	2.41351	2.4417
1.92965	2.09041	2.037	2.01389
1.62009	1.60576	1.72527	1.64733
1.61883	1.56008	1.61673	1.59773
1.4747	1.44162	1.59646	1.49961
1.44119	1.45015	1.39258	1.42728
1.03769	1.07927	1.01086	1.04185
0.733455	0.712291	0.743395	0.729581
0.700518	0.711865	0.673467	0.695085
0.614489	0.631287	0.628872	0.624844
0.565314	0.552903	0.568247	0.562126
0.543668	0.550141	0.528332	0.54066
0.42226	0.426657	0.444301	0.431025
0.396644	0.39259	0.432028	0.406929
0.323859	0.333472	0.35466	0.33726
0.305533	0.31132	0.223169	0.279441
0.117022	0.11545	0.0903751	0.107595
0.148218	0.134505	0.00969932	0.0970468
0.0357953	0.0228098	0.00884997	0.0224814
-0.0241232	-0.00525968	0.0863382	0.0188958
-0.0120545	-0.0276392	-0.0185611	-0.0194172
-0.0661866	-0.0646337	-0.0832595	-0.071353
-0.0635858	-0.0746964	-0.0859874	-0.0747482
-0.130179	-0.146232	-0.168528	-0.148265
-0.153688	-0.179476	-0.149789	-0.160947
-0.174508	-0.148755	-0.183446	-0.168856
-0.2299	-0.202664	-0.217677	-0.216712
-0.247661	-0.230189	-0.236283	-0.238028
-0.285101	-0.263131	-0.255902	-0.267991
-0.225231	-0.249042	-0.34323	-0.271571
-0.288108	-0.310313	-0.296197	-0.298174
-0.387897	-0.359734	-0.375746	-0.374397
-0.467339	-0.471881	-0.48867	-0.475915
