4.95425	4.95425	4.95425	4.95425
2.14157	2.09588	1.97239	2.06403
1.80258	1.72954	1.63598	1.71753
1.58773	1.69841	1.65998	1.64636
1.45824	1.44985	1.42322	1.44353
1.30529	1.32256	1.25916	1.29492
1.16278	1.06725	1.05291	1.09202
0.821299	0.708225	0.749873	0.758043
0.502475	0.663645	0.62906	0.595105
0.522062	0.513606	0.571365	0.535268
0.431881	0.436298	0.396242	0.421308
0.423716	0.429339	0.406563	0.419824
0.373203	0.422988	0.387054	0.394199
0.430389	0.302725	0.334498	0.354538
0.188982	0.234705	0.236553	0.219945
0.165005	0.184536	0.154465	0.167968
0.0333981	0.149033	0.116983	0.0995166
0.0927366	0.0371681	0.0330695	0.0542654
0.0380383	0.00913952	0.0131549	0.0201059
-0.0271562	-0.0718777	-0.0411136	-0.046693
-0.0867866	-0.0217861	-0.0668856	-0.0584327
-0.107837	-0.158392	-0.160248	-0.142053
-0.246156	-0.178107	-0.205212	-0.20961
-0.362634	-0.269334	-0.303856	-0.311349
-0.261906	-0.387218	-0.347283	-0.331008
-0.411129	-0.375954	-0.355818	-0.380718
-0.414849	-0.357433	-0.449475	-0.406531
-0.293193	-0.500092	-0.455432	-0.412295
-0.46153	-0.425659	-0.421727	-0.436134
-0.427924	-0.431759	-0.469173	-0.442764
-0.516433	-0.435757	-0.447357	-0.465796
