4.95425	4.95425	4.95425	4.95425
4.95425	4.95425	4.95425	4.95425
3.63194	3.72373	3.65313	3.66786
3.21363	3.30083	3.352	3.28502
1.41517	1.43226	1.40169	1.41621
0.517134	0.497505	0.475058	0.49639
0.239484	0.274031	0.245466	0.252919
0.232342	0.200444	0.125268	0.185546
0.162006	0.131363	0.0572049	0.116577
0.0605982	-0.00190118	-0.0376515	0.00699045
-0.0429128	-0.0277165	-0.0605982	-0.0437319
-0.0270402	-0.059803	-0.124322	-0.0702261
-0.143434	-0.11121	-0.0397015	-0.0978873
-0.176236	-0.144406	-0.0698181	-0.12983
-0.297279	-0.288711	-0.271883	-0.285917
-0.327336	-0.291812	-0.26995	-0.296153
-0.31167	-0.27759	-0.319886	-0.30292
-0.36623	-0.358229	-0.267998	-0.330007
