3.46275	3.47699	3.50696	3.48185
3.06739	2.85328	3.02443	2.97152
2.65444	2.65884	2.7179	2.67612
1.54569	1.55147	1.4913	1.52868
1.17135	1.13685	1.13419	1.14718
0.927986	0.926965	0.948074	0.934256
0.545764	0.508196	0.542915	0.532108
0.528468	0.522496	0.52179	0.524246
0.493273	0.515355	0.547697	0.518467
0.49682	0.52323	0.52038	0.513391
0.402588	0.399695	0.375607	0.392559
0.27484	0.287829	0.280282	0.280973
0.282807	0.272754	0.280367	0.278637
0.257332	0.275224	0.277441	0.269971
0.050559	0.0518179	0.0575732	0.053316
0.0299579	0.0487193	0.0257265	0.0347964
-0.217821	-0.216609	-0.221975	-0.2188
-0.377251	-0.402161	-0.421509	-0.400145
-0.459384	-0.462061	-0.438169	-0.453142
-0.477475	-0.453751	-0.456613	-0.462551
