4.95425	4.95425	4.95425	4.95425
4.95425	4.95425	4.95425	4.95425
4.95425	4.95425	4.95425	4.95425
4.95425	4.95425	4.95425	4.95425
4.95425	4.65322	4.95425	4.82931
4.05113	3.99997	3.99997	4.01636
3.91281	3.72373	4.05113	3.87502
2.78623	1.82196	2.28738	2.13932
1.12623	1.19439	1.20694	1.17457
1.16439	0.904574	1.06804	1.03455
1.01098	1.13381	0.962797	1.03101
1.03289	0.976645	1.04668	1.01786
0.499855	0.537304	0.565659	0.533815
0.475495	0.471395	0.404467	0.449875
0.422503	0.391509	0.440315	0.4179
0.332224	0.348005	0.389748	0.356394
0.341254	0.317838	0.40323	0.353525
0.18494	0.168048	0.244819	0.19898
0.148437	0.0576701	0.126056	0.110517
0.0203377	-0.122786	-0.0351379	-0.0456285
-0.133516	-0.129468	-0.178228	-0.146974
-0.182216	-0.19776	-0.117868	-0.165698
-0.167747	-0.16909	-0.160867	-0.165898
-0.173403	-0.170052	-0.178992	-0.174146
-0.202195	-0.284779	-0.174407	-0.219814
-0.301964	-0.3302	-0.260977	-0.297409
-0.332425	-0.301334	-0.332024	-0.321842
-0.3565	-0.358548	-0.269992	-0.327654
-0.340491	-0.342444	-0.402493	-0.36143
-0.408568	-0.314454	-0.459459	-0.392418
-0.501733	-0.419574	-0.411632	-0.443408
-0.491727	-0.422624	-0.454755	-0.455926
