2.58578	2.54991	2.68855	2.60422
1.81055	1.83028	1.74484	1.79372
0.575164	0.618366	0.590826	0.594567
0.305707	0.280881	0.280218	0.288883
0.277548	0.288474	0.274457	0.280147
0.152434	0.176015	0.183265	0.170533
-0.0697987	-0.0701873	-0.0786063	-0.0728625
-0.115077	-0.111622	-0.109425	-0.112041
-0.127101	-0.116688	-0.119008	-0.120929
-0.218869	-0.209092	-0.196806	-0.208233
-0.325807	-0.307779	-0.301638	-0.311699
-0.36348	-0.369814	-0.373942	-0.36907
-0.454052	-0.451298	-0.450349	-0.451898
-0.452249	-0.458224	-0.453827	-0.454763
