4.95425	4.95425	4.95425	4.95425
3.84025	4.25526	3.99997	3.99997
3.95421	3.75006	3.65313	3.76855
3.352	3.52276	4.65322	3.59242
3.00935	3.05078	3.32058	3.10676
1.8573	2.40725	3.95421	2.22632
2.99478	1.83197	1.80735	1.98315
1.12555	1.13155	1.15927	1.13857
0.428192	0.714885	0.668405	0.593047
0.571191	-0.0388699	-0.0332435	0.144281
0.258385	0.0814288	-0.003426	0.110183
0.295742	-0.372095	-0.574757	-0.192917
-0.665195	-0.0394888	-0.0578252	-0.223829
-0.824655	-0.100612	0.0572242	-0.233952
-0.412759	-0.275202	-0.201096	-0.293402
-0.31676	-0.423837	-0.391861	-0.376549
-0.0211681	-0.522116	-0.841464	-0.406722
-1.13959	-0.360464	-0.18494	-0.464569
