3.95421	3.75006	3.77809	3.81853
3.63194	3.65313	3.6989	3.66043
3.5562	3.72373	3.42261	3.55044
3.61173	3.80806	3.31059	3.52816
2.88551	2.96702	2.77168	2.86731
2.09101	2.06574	2.23156	2.12363
1.82229	1.796	1.81834	1.81206
1.89647	1.85022	1.66437	1.79207
1.8112	1.8429	1.67211	1.7691
1.7317	1.74791	1.76241	1.74716
1.61485	1.4982	1.52741	1.5442
1.65425	1.2953	1.40104	1.42733
1.22552	1.24134	1.28593	1.25027
1.23037	1.27121	1.22045	1.24019
1.16046	0.989541	1.04579	1.06045
1.0365	1.06645	1.06565	1.05601
1.06124	0.98074	1.0337	1.02416
0.982206	1.00323	0.977652	0.987579
0.957216	1.01927	0.869491	0.945184
0.954688	0.931112	0.947174	0.944236
1.00399	0.888542	0.934773	0.940389
0.931164	0.932708	0.948127	0.937279
0.925793	0.997094	0.835445	0.91549
0.853648	0.876205	0.875135	0.868235
0.918965	0.85244	0.808354	0.858128
0.849543	0.847812	0.825294	0.840778
0.852709	0.866874	0.760118	0.82464
0.816322	0.800001	0.795402	0.803841
0.790395	0.793095	0.812262	0.798505
0.762572	0.758323	0.735806	0.752122
0.720572	0.669734	0.699648	0.696318
0.655818	0.714137	0.671131	0.679904
0.658886	0.623009	0.633648	0.638351
0.637854	0.653478	0.571336	0.619993
0.57177	0.573857	0.634689	0.592858
0.583645	0.5873	0.587389	0.586109
0.576678	0.589669	0.513472	0.559216
0.558656	0.569343	0.480958	0.535341
0.517809	0.53819	0.533356	0.529738
0.446188	0.427071	0.421074	0.431383
0.466144	0.419115	0.404395	0.429518
0.419792	0.369998	0.370874	0.386626
0.361149	0.380664	0.365221	0.368978
0.314542	0.332469	0.313774	0.320231
0.224014	0.234788	0.248372	0.235695
0.23112	0.229693	0.213348	0.224702
0.203927	0.195831	0.186293	0.195337
0.22488	0.157335	0.200444	0.194025
0.183184	0.172901	0.177262	0.177778
0.168208	0.147444	0.141353	0.152308
0.128048	0.125465	0.124539	0.126017
0.0829283	0.157315	0.074677	0.104768
0.107524	0.0650996	0.130356	0.100899
0.0615292	0.0576895	0.0691771	0.0627967
0.0287405	0.0488355	0.0717611	0.0497585
-0.095412	-0.020917	0.0385991	-0.0257974
-0.0640903	-0.0659148	-0.124815	-0.084844
-0.0897118	-0.087079	-0.0832984	-0.0866956
-0.103488	-0.0995752	-0.101453	-0.101505
-0.147245	-0.10112	-0.126392	-0.124861
-0.0898093	-0.147722	-0.206599	-0.147603
-0.143038	-0.150067	-0.153589	-0.148894
-0.177221	-0.133872	-0.154007	-0.15497
-0.18496	-0.200465	-0.198655	-0.194681
-0.237238	-0.217862	-0.216732	-0.223918
-0.221069	-0.224942	-0.232487	-0.22616
-0.228969	-0.235017	-0.221563	-0.228507
-0.233047	-0.231307	-0.227584	-0.230644
-0.25229	-0.255986	-0.250696	-0.252989
-0.264336	-0.25187	-0.251576	-0.255916
-0.269101	-0.25769	-0.326073	-0.283957
-0.3247	-0.315178	-0.316211	-0.318689
-0.34805	-0.320194	-0.345773	-0.337938
-0.343995	-0.330822	-0.354773	-0.343155
-0.396384	-0.350083	-0.335457	-0.360334
-0.38935	-0.372464	-0.375329	-0.379022
-0.393367	-0.378272	-0.386727	-0.386103
-0.385558	-0.396101	-0.41144	-0.397644
-0.401046	-0.400263	-0.427704	-0.409588
-0.440389	-0.435855	-0.437454	-0.437898
-0.459358	-0.425124	-0.466932	-0.450291
-0.500463	-0.421873	-0.462112	-0.460907
-0.453726	-0.45898	-0.506569	-0.472768
-0.471011	-0.481992	-0.470041	-0.474331
