4.95425	4.95425	4.95425	4.95425
4.95425	4.95425	4.95425	4.95425
3.63194	3.63194	3.53916	3.59876
1.97985	2.01102	2.01763	2.00253
1.66999	2.03116	1.81965	1.8166
0.959918	0.968602	0.968216	0.965564
0.90135	0.858233	0.86445	0.874361
0.861583	0.841552	0.838883	0.847251
0.44264	0.435069	0.437898	0.43853
0.320724	0.312371	0.316518	0.316533
0.339707	0.289206	0.252646	0.293373
0.279641	0.274776	0.281287	0.278565
-0.258048	-0.26256	-0.249837	-0.256806
-0.285166	-0.299424	-0.300227	-0.294921
-0.370735	-0.321915	-0.287335	-0.326176
-0.41132	-0.411033	-0.412231	-0.411528
-0.462264	-0.458023	-0.464645	-0.46164
