4.95425	4.95425	4.95425	4.95425
4.95425	4.95425	4.95425	4.95425
4.95425	4.95425	4.95425	4.95425
4.95425	4.95425	4.95425	4.95425
4.95425	4.95425	4.95425	4.95425
4.95425	4.95425	4.95425	4.95425
4.95425	4.95425	4.95425	4.95425
4.95425	4.65322	4.95425	4.82931
3.41002	3.49172	3.43558	3.44445
3.16863	2.92844	2.90063	2.98377
1.38073	1.34372	1.34605	1.35653
1.50096	1.87739	0.999538	1.32789
0.877885	1.2881	1.578	1.16581
0.848078	1.1664	1.30809	1.07071
0.957593	0.811304	1.20171	0.966934
1.02726	1.01915	0.811054	0.943079
0.477424	0.52342	0.529756	0.50987
