4.95425	4.95425	4.95425	4.95425
4.95425	4.95425	4.95425	4.95425
4.95425	4.95425	4.95425	4.95425
4.05113	4.47712	4.47712	4.28523
3.37429	3.57393	3.80806	3.55044
2.71287	3.37429	4.05113	3.0886
3.07308	3.01934	3.10882	3.06552
1.87035	1.59148	2.35135	1.84037
1.78523	2.0462	1.55621	1.75288
1.68288	1.73359	1.69766	1.70421
1.30283	1.5439	1.63033	1.47098
0.90213	1.11517	1.00878	1.00158
0.933069	1.01577	1.04008	0.994314
0.977372	0.869491	0.981078	0.940163
0.839713	0.928088	0.845777	0.869783
0.778568	0.782405	0.746569	0.76897
0.556185	0.668074	0.7031	0.639612
0.561221	0.675945	0.578224	0.603366
0.515409	0.553553	0.558998	0.542413
0.407852	0.567642	0.464823	0.477578
0.464265	0.565257	0.40228	0.474673
0.431905	0.468791	0.483521	0.461143
0.332291	0.388506	0.423667	0.380819
0.324103	0.295634	0.316804	0.312123
0.250591	0.252499	0.375885	0.291668
0.104996	0.0655654	0.350581	0.169671
0.0182714	0.000550088	0.00848321	0.00910091
-0.0122475	0.0199128	0.00541409	0.00435892
-0.165085	-0.0494939	0.121389	-0.0306665
-0.201157	-0.185101	0.00469992	-0.125971
-0.187364	-0.179536	-0.0664196	-0.14391
-0.158093	-0.10576	-0.398748	-0.215843
-0.262898	-0.244736	-0.241274	-0.249607
-0.309351	-0.287872	-0.291338	-0.296153
-0.354523	-0.314981	-0.318652	-0.329252
-0.33673	-0.344647	-0.318652	-0.333293
-0.363183	-0.392167	-0.388365	-0.38116
-0.31885	-0.330644	-0.623009	-0.413751
-0.391673	-0.437085	-0.479408	-0.435372
