4.25526	4.05113	3.95421	4.06961
3.47699	3.84025	3.72373	3.65313
4.05113	3.3308	3.5562	3.5562
2.87814	3.10266	2.81687	2.9163
2.18278	2.35796	2.25902	2.2608
1.76531	2.00801	1.82961	1.85635
1.84532	1.7892	1.84532	1.82582
1.90315	1.75015	1.77205	1.80353
1.81023	1.79444	1.79537	1.79996
1.71553	1.4886	1.91763	1.67369
1.48844	1.57858	1.48638	1.51584
1.54035	1.32928	1.69046	1.49616
1.44782	1.35801	1.58616	1.45474
1.36758	1.29932	1.49209	1.37972
1.28377	1.26396	1.3491	1.29759
1.28717	1.28213	1.27281	1.28067
1.13222	1.23676	1.19116	1.18486
1.08159	1.09284	1.1623	1.111
1.06216	1.06032	1.08261	1.06826
1.02218	0.970587	1.04674	1.01221
1.00476	0.983507	0.970201	0.985965
0.989827	0.948552	0.955225	0.964233
0.920929	0.947862	0.910979	0.92637
1.01547	0.864587	0.870874	0.912699
0.991146	0.842342	0.842825	0.887844
0.881634	0.879054	0.886689	0.88245
0.858188	0.863903	0.905604	0.875507
0.91786	0.786706	0.867378	0.854769
0.820749	0.813097	0.790475	0.807968
0.809184	0.809806	0.780701	0.799743
0.785349	0.775539	0.779594	0.780147
0.857692	0.745634	0.738239	0.778095
0.712503	0.735622	0.777622	0.741338
0.704851	0.70289	0.815147	0.738794
0.658494	0.590707	0.604253	0.617215
0.601716	0.62581	0.623413	0.616897
0.602199	0.581149	0.635701	0.605999
0.571018	0.573074	0.577232	0.57377
0.546771	0.550872	0.572726	0.556705
0.583733	0.518891	0.539299	0.546837
0.499273	0.496794	0.572958	0.522234
0.556611	0.485415	0.517026	0.519161
0.445492	0.468103	0.551436	0.487123
0.444971	0.372372	0.374312	0.396652
0.34085	0.302725	0.373342	0.338617
0.236366	0.257016	0.262117	0.251793
0.259565	0.229258	0.261927	0.250179
0.240046	0.239255	0.254389	0.244548
0.214763	0.240858	0.239109	0.231534
0.132588	0.166806	0.148099	0.149126
0.152534	0.132568	0.140857	0.141974
0.177805	0.107288	0.0571855	0.113716
0.123987	0.096174	0.116001	0.112034
0.0688275	0.0715085	0.0826556	0.074327
0.0406687	0.0382123	0.0515661	0.0434804
0.0211874	-0.011012	-0.0533677	-0.0143776
-0.0796183	-0.0664972	-0.0634694	-0.069857
-0.137986	-0.146113	-0.144029	-0.142707
-0.136759	-0.150544	-0.142106	-0.14313
-0.184536	-0.170012	-0.137768	-0.164025
-0.170974	-0.161306	-0.175914	-0.16939
-0.198736	-0.190317	-0.176859	-0.188618
-0.201401	-0.203132	-0.202317	-0.202283
-0.199753	-0.2193	-0.205375	-0.208124
-0.218786	-0.212447	-0.215378	-0.215535
-0.239671	-0.241378	-0.207906	-0.229582
-0.234311	-0.232301	-0.227584	-0.231396
-0.242316	-0.238735	-0.239026	-0.240025
-0.234125	-0.278209	-0.26026	-0.257423
-0.283236	-0.337871	-0.331623	-0.317339
-0.324545	-0.330867	-0.373734	-0.342841
-0.345998	-0.386423	-0.436248	-0.388896
-0.394497	-0.397258	-0.39792	-0.396557
-0.394851	-0.41586	-0.404157	-0.404919
-0.401852	-0.422333	-0.418101	-0.414056
-0.434332	-0.419284	-0.407995	-0.420477
-0.437701	-0.418536	-0.41926	-0.425124
-0.438218	-0.438884	-0.430487	-0.435855
-0.41827	-0.438267	-0.458753	-0.438284
-0.453576	-0.43711	-0.437257	-0.442615
-0.448279	-0.46655	-0.442566	-0.452407
-0.416125	-0.507075	-0.503669	-0.474614
