4.65322	4.95425	4.95425	4.82931
3.77809	3.87502	3.99997	3.87502
3.84025	3.50696	3.77809	3.6831
3.363	3.49172	3.87502	3.52816
2.11017	1.62263	1.91845	1.83831
1.46406	1.2991	1.34326	1.3638
1.13109	1.14259	1.1042	1.1257
1.0416	0.916807	0.977932	0.976365
0.621737	0.644004	0.609962	0.625093
0.449051	0.475084	0.43012	0.451232
0.415066	0.489348	0.436765	0.446528
0.451323	0.310598	0.406468	0.387819
0.294445	0.275692	0.303399	0.29113
0.115431	0.174648	0.108739	0.132779
0.0434352	0.0872935	0.0440351	0.0582194
0.0635276	0.0490485	0.0536777	0.0554152
-0.00657223	-0.015684	0.00848321	-0.00459054
-0.0763105	-0.0547434	-0.119637	-0.0834802
-0.147324	-0.137392	-0.154764	-0.146484
-0.219321	-0.194898	-0.198573	-0.204233
-0.28435	-0.307299	-0.303051	-0.298196
-0.339304	-0.373134	-0.331512	-0.347839
-0.419043	-0.427875	-0.425659	-0.424185
