4.95425	4.95425	4.95425	4.95425
3.91281	4.05113	4.05113	3.99997
4.95425	4.95425	3.53916	3.98418
3.87502	3.95421	3.77809	3.86312
2.55164	2.67688	2.67688	2.63102
1.24144	1.2806	1.25644	1.25922
1.2421	1.25017	1.2437	1.24531
0.585382	0.583115	0.633301	0.600231
0.554825	0.55327	0.542469	0.550169
0.484065	0.435781	0.508356	0.475546
0.324988	0.304095	0.32355	0.317508
0.110975	0.120385	0.109994	0.113781
-0.0537358	-0.0301705	0.0168618	-0.0223269
-0.0599969	-0.0306149	-0.0668079	-0.0524572
-0.0594539	-0.0688858	-0.0836491	-0.0706535
-0.0748908	-0.103488	-0.0668273	-0.0817079
-0.12647	-0.134307	-0.0442673	-0.101479
-0.105603	-0.0971901	-0.108817	-0.103867
-0.122392	-0.102882	-0.118143	-0.114462
-0.114999	-0.130968	-0.211771	-0.152202
-0.160468	-0.17264	-0.168068	-0.167053
-0.215193	-0.168228	-0.163685	-0.182236
-0.235369	-0.232259	-0.230665	-0.232763
-0.235286	-0.226717	-0.296132	-0.252394
-0.293646	-0.252059	-0.226345	-0.257094
-0.24833	-0.268019	-0.280111	-0.265428
-0.318608	-0.316848	-0.329244	-0.321555
-0.351463	-0.353888	-0.352301	-0.35255
-0.334765	-0.349518	-0.419671	-0.367347
-0.390992	-0.377089	-0.400097	-0.38935
-0.438711	-0.425781	-0.417715	-0.427363
-0.442467	-0.422212	-0.438267	-0.434275
-0.430536	-0.47897	-0.430878	-0.446511
