4.95425	4.95425	4.95425	4.95425
4.95425	4.95425	4.95425	4.95425
4.95425	4.95425	4.95425	4.95425
4.95425	4.65322	4.95425	4.82931
4.95425	4.95425	4.47712	4.7324
2.02852	2.03915	1.98984	2.01866
1.67807	1.67164	1.60576	1.65063
1.49321	1.52897	1.48308	1.50134
0.988569	0.980627	0.981416	0.983525
0.796701	0.800983	0.776757	0.791387
0.707732	0.725187	0.717239	0.71668
0.48088	0.494007	0.503988	0.492906
0.425513	0.459333	0.451448	0.445318
0.345187	0.301269	0.344489	0.330141
0.310751	0.341142	0.322931	0.324877
0.0475383	-0.00896579	0.01775	0.0187606
-0.00178538	0.00578083	-0.0044683	-0.000157628
-0.0181169	-0.0464737	-0.0483321	-0.0376322
-0.105799	-0.0705175	-0.114331	-0.0968384
-0.117828	-0.046764	-0.135731	-0.0999273
-0.171797	-0.142383	-0.145875	-0.153317
-0.190986	-0.165905	-0.178711	-0.178509
-0.267596	-0.265245	-0.280795	-0.271196
-0.303007	-0.295332	-0.282615	-0.293625
-0.357273	-0.304422	-0.362634	-0.341149
-0.330155	-0.363617	-0.357797	-0.35043
-0.345255	-0.398748	-0.388295	-0.377182
-0.387476	-0.385395	-0.378527	-0.383792
-0.385044	-0.409501	-0.378852	-0.391047
-0.407207	-0.372534	-0.401971	-0.393791
-0.437184	-0.387008	-0.437159	-0.420162
-0.431025	-0.440785	-0.421461	-0.431057
-0.41509	-0.45478	-0.428436	-0.432624
-0.46953	-0.399126	-0.447332	-0.438202
-0.463657	-0.454153	-0.444623	-0.454111
-0.462491	-0.484377	-0.467517	-0.471412
