3.81809	3.63063	3.7905	3.75391
3.81809	3.63063	3.7905	3.75391
3.81809	3.63063	3.7905	3.75391
3.81809	3.63063	3.7905	3.75391
3.81809	3.63063	3.7905	3.75391
3.81809	3.63063	3.7905	3.75391
3.81809	3.63063	3.7905	3.75391
3.81809	3.63063	3.7905	3.75391
3.81809	3.63063	3.7905	3.75391
3.81809	3.63063	3.7905	3.75391
2.47428	3.3295	3.31323	2.79906
3.81809	2.05875	3.7905	2.63905
2.12472	3.63063	3.7905	2.52224
2.51581	2.28607	2.3573	2.3905
3.81809	3.63063	1.85513	2.28937
3.81809	1.71943	1.97986	2.06603
3.81809	3.63063	1.56403	2.00675
2.91454	3.63063	0.382206	0.922211
1.77755	0.295249	1.13894	0.884991
0.943998	-0.13962	0.45252	0.411223
-3.81809	3.63063	3.7905	0.200724
-3.81809	3.63063	3.7905	0.200724
-3.81809	3.63063	2.7484	0.199649
0.73338	0.1766	-0.359036	0.152976
0.729381	0.175329	-0.361365	0.151083
-3.81809	1.57398	0.658694	0.0729188
-3.81809	0.952326	0.681479	0.0451382
-0.739934	-0.178295	0.301663	-0.173478
-0.72988	-0.211633	0.315674	-0.174965
3.81809	-3.63063	-3.7905	-0.200724
3.81809	-3.63063	-3.7905	-0.200724
3.81809	-3.63063	-3.7905	-0.200724
3.81809	-3.63063	-3.7905	-0.200724
3.11886	-3.63063	-3.7905	-0.201154
2.9726	-3.63063	-3.7905	-0.20137
2.49455	-3.63063	-3.7905	-0.202877
-3.81809	3.3295	-0.469092	-0.282602
-3.81809	-1.17102	0.57691	-0.362621
-0.960068	0.137535	-0.454712	-0.415411
