4.95425	4.95425	4.95425	4.95425
4.95425	4.95425	4.95425	4.95425
4.95425	4.95425	4.95425	4.95425
4.95425	4.95425	4.95425	4.95425
4.95425	4.95425	4.95425	4.95425
4.95425	4.95425	4.95425	4.95425
4.95425	4.95425	4.95425	4.95425
4.95425	4.95425	4.95425	4.95425
4.95425	4.95425	4.95425	4.95425
4.95425	4.95425	4.95425	4.95425
4.95425	4.65322	4.95425	4.82931
2.80436	2.7576	2.52483	2.67765
2.4786	2.64793	2.69092	2.59586
3.14103	1.95293	2.98533	2.36883
3.46275	1.43338	4.10913	1.91586
1.83706	1.81998	1.96052	1.86827
1.07839	2.55164	4.95425	1.56305
0.952652	1.23518	1.09487	1.08134
0.708507	0.963015	0.754747	0.798777
0.386984	0.47642	0.595443	0.482044
0.878118	-0.764958	2.0646	0.314886
0.58798	-0.601897	1.84255	0.288488
-0.0570498	0.362245	0.0684002	0.1187
0.0548984	-0.365908	-0.0703621	-0.121139
-0.594667	0.597179	-2.02434	-0.294337
-0.887971	0.742242	-2.09771	-0.321231
